MinnieCloudy3_HybridAlexNet_0.0015_0.015_2016-04-27_18:49:26	0.10526315867900848
MinnieNight1_HybridAlexNet_0.0015_0.015_2016-04-27_18:50:00	0.05128205195069313
MinnieSunny1_HybridAlexNet_0.0015_0.015_2016-04-27_18:50:57	0.07407407462596893
MinnieCloudy3_HybridAlexNet_0.0015_0.015_2016-04-27_18:53:40	0.10526315867900848
MinnieNight1_HybridAlexNet_0.0015_0.015_2016-04-27_18:54:06	0.05128205195069313
MinnieSunny1_HybridAlexNet_0.0015_0.015_2016-04-27_18:55:15	0.07407407462596893
